249
  0.000000 -5.000000 -1.000000
  1.615225 -4.731918 -1.000000
  3.071841 -3.945098 -1.000000
  4.181701 -2.741054 -1.000000
  4.846983 -1.227502 -1.000000
  4.983806  0.402097 -1.000000
  4.584897  1.994672 -1.000000
  3.682101  3.382622 -1.000000
  2.385267  4.394371 -1.000000
  0.822773  4.931840 -1.000000
 -0.819759  4.932342 -1.000000
 -2.380973  4.396700 -1.000000
 -3.675694  3.389583 -1.000000
 -4.579083  2.007985 -1.000000
 -4.982476  0.418253 -1.000000
 -4.850936 -1.211782 -1.000000
 -4.189644 -2.728897 -1.000000
 -3.084612 -3.935120 -1.000000
 -1.632875 -4.725857 -1.000000
  0.000000  5.000000  9.000000
  1.615225  4.731918  9.000000
  3.060532  3.953877  9.000000
  4.176016  2.749708  9.000000
  4.843448  1.241376  9.000000
  4.984274 -0.396251  9.000000
  4.581784 -2.001813  9.000000
  3.683502 -3.381097  9.000000
  2.377354 -4.398657  9.000000
  0.821628 -4.932031  9.000000
 -0.826831 -4.931161  9.000000
 -2.391895 -4.390767  9.000000
 -3.684004 -3.380549  9.000000
 -4.582404 -2.000393  9.000000
 -4.983321 -0.408060  9.000000
 -4.848447  1.221704  9.000000
 -4.186249  2.734103  9.000000
 -3.076556  3.941422  9.000000
 -1.632875  4.725857  9.000000
  0.817375 -4.932737  0.404824
  3.674492 -3.390886  0.410330
  4.983366 -0.407515  0.401474
  4.185121  2.735829  0.398708
  1.642562  4.722498  0.406598
 -1.607710  4.734476  0.406541
 -4.180211  2.743326  0.392952
 -4.983719 -0.403170  0.391328
 -3.667625 -3.398312  0.405259
 -0.839562 -4.929010  0.420695
  0.797473  4.935994  7.598859
  3.675835  3.389430  7.601040
  4.980196  0.444574  7.588613
  4.187732 -2.731831  7.588882
  1.639096 -4.723702  7.591953
 -1.624333 -4.728799  7.623755
 -4.194047 -2.722126  7.576410
 -4.982268  0.420726  7.567323
 -3.680815  3.384022  7.602239
 -0.806684  4.934497  7.577021
  2.363061 -4.406353  0.415600
  4.592572 -1.976937  0.406717
  4.854782  1.196283  0.399615
  3.068370  3.947797  0.386898
  0.001202  5.000000  0.403280
 -3.083222  3.936209  0.403484
 -4.852377  1.206001  0.390922
 -4.595205 -1.970809  0.395477
 -2.397477 -4.387722  0.449907
  2.400247  4.386208  7.596620
  4.569838  2.028935  7.595258
  4.854242 -1.198472  7.547752
  3.045409 -3.965537  7.572889
 -0.014298 -4.999980  7.609996
 -3.070959 -3.945784  7.599467
 -4.843472 -1.241281  7.596487
 -4.584807  1.994880  7.576928
 -2.365895  4.404832  7.567883
  1.601611 -4.736543  1.835141
  4.982091  0.422809  1.808745
  3.674355  3.391034  1.853941
  0.836926  4.929458  1.825925
 -2.388884  4.392406  1.818327
 -4.579009  2.008154  1.829668
 -4.848881 -1.219981  1.794805
 -3.076568 -3.941412  1.852731
  4.195265  2.720248  6.179756
  3.057690  3.956075  6.178529
  4.984660 -0.391359  6.172141
  3.675150 -3.390173  6.145110
  0.843577 -4.928324  6.154122
 -2.387107 -4.393373  6.117225
 -4.572847 -2.022146  6.152989
 -4.849687  1.216771  6.175746
 -3.043220  3.967217  6.151645
  4.857214 -1.186368  1.821017
  1.642382  4.722561  6.163905
  4.184027 -2.737502  1.853506
 -0.013158 -4.999983  1.869272
 -0.022142  4.999951  6.168183
  4.581885  2.001581  1.839288
  2.404097  4.384098  1.847985
 -0.799443  4.935675  1.824463
 -3.694737  3.368816  1.818262
 -4.981581  0.428775  1.782075
 -4.180488 -2.742904  1.849351
 -1.642702 -4.722450  1.844091
  3.065541 -3.949995  1.818922
  4.843370  1.241677  6.157758
  4.589481 -1.984104  6.177244
  2.350118 -4.413269  6.167549
 -0.833752 -4.929996  6.168786
 -3.683518 -3.381080  6.124846
 -4.981665 -0.427805  6.132731
 -4.187514  2.732165  6.136583
 -1.611322  4.733249  6.178392
  4.980982  0.435682  4.765549
  1.621969  4.729611  3.269339
  4.843830  1.239883  3.279797
 -4.575041  2.017177  4.661425
  3.061832  3.952870  3.277200
  4.183265  2.738667  3.296221
 -1.600862  4.736796  3.281871
 -4.195058  2.720568  3.242625
 -4.984242 -0.396645  3.236766
  2.371791 -4.401659  3.282257
 -2.370312  4.402456  4.701128
 -2.398957 -4.386913  3.259809
  4.184584 -2.736651  4.711411
  1.625815 -4.728290  4.760924
 -1.637684 -4.724192  4.736552
 -4.172510 -2.755025  4.711964
 -4.984105  0.398371  4.703003
  2.393754  4.389754  4.716342
  4.574600 -2.018177  3.285038
  4.984285 -0.396112  3.255043
 -3.662752 -3.403564  3.252195
 -3.670294  3.395429  4.650846
  0.031259  4.999902  3.296898
 -3.078457  3.939937  3.278139
 -4.839816  1.255462  3.227286
 -4.572799 -2.022252  3.245621
  4.847726 -1.224562  4.732243
 -0.798470  4.935833  4.695310
  3.685110 -3.379344  3.267938
  3.057951 -3.955874  4.739254
  0.005299 -4.999997  4.717604
 -3.080039 -3.938700  4.731239
 -4.845713 -1.232504  4.730252
 -0.819745 -4.932344  3.261330
  4.575656  2.015782  4.728212
  0.801027 -4.935418  3.266237
  0.805250  4.934731  4.693588
  3.677752  3.387350  4.706806
  0.493246 -3.189618 -1.000000
  2.220764 -2.832227 -1.000000
  3.001712 -1.327868 -1.000000
  3.575419  0.285587 -1.000000
  2.738671  1.792502 -1.000000
  1.727754  3.208478 -1.000000
  0.027400  3.266634 -1.000000
 -1.687647  3.126268 -1.000000
 -2.711762  1.714056 -1.000000
 -3.559378  0.161818 -1.000000
 -2.747274 -1.812217 -1.000000
 -1.298283 -3.293335 -1.000000
  1.145282 -1.452791 -1.000000
  1.892417  0.164844 -1.000000
  0.927917  1.671015 -1.000000
 -0.853936  1.614528 -1.000000
 -1.756499 -0.004294 -1.000000
 -0.700914 -1.611103 -1.000000
  0.094524  0.054371 -1.000000
  0.544660  3.267693  9.000000
  2.222249  2.882697  9.000000
  2.976159  1.330668  9.000000
  3.564277 -0.294536  9.000000
  2.696686 -1.777481  9.000000
  1.566943 -3.111000  9.000000
 -0.546447 -3.209382  9.000000
 -2.517697 -2.495175  9.000000
 -3.100143 -0.821436  9.000000
 -3.486485  0.898218  9.000000
 -2.405802  2.251386  9.000000
 -1.210292  3.410764  9.000000
 -0.620869  1.841442  9.000000
  1.175719  1.545701  9.000000
  1.850120 -0.120195  9.000000
  0.735502 -1.581851  9.000000
 -1.184278 -1.266691  9.000000
 -1.787630  0.498546  9.000000
  0.024707  0.137305  9.000000
  0.795720 -0.749180  3.303713
  0.234971 -0.247735  6.563262
 -1.038140 -0.385051  0.853571
 -0.758999 -0.342999  2.520129
 -0.722475 -2.579995  2.574578
  1.647218 -2.872215  1.735370
  0.957190 -0.582762  1.179796
  0.404549  1.358999  0.728282
  1.490852  0.794607  3.108235
  1.375830 -2.920707  4.654743
  2.983571 -1.126200  0.679963
  3.072705 -0.888599  2.273214
  3.020193  1.348080  2.451041
  2.869930 -0.865675  4.000572
  3.171885 -1.203250  5.542572
  2.989942  1.279555  0.658142
  3.168345  1.414619  4.007396
  3.091128  1.400814  5.528889
  1.432167  3.093295  0.640772
  1.382826  2.967908  2.226388
 -0.669267  3.244764  2.569480
 -2.464481  2.954925  2.362364
 -0.037446  1.226622  2.391278
  1.262873  2.809443  3.953128
 -2.560699  2.714193  0.687246
 -2.741636  0.844812  0.626889
 -2.538156 -1.916337  0.842813
 -0.737258  3.001169  1.020802
  1.495566  3.250574  5.486036
 -0.616116  3.051861  5.440408
  1.217580  2.792718  7.113429
 -2.976982  1.929616  5.342265
 -2.229876  1.278054  2.369869
 -1.756335  2.913202  3.913839
 -0.491490  1.191753  3.888405
 -1.044962 -0.735002  4.079157
 -2.351041  2.059755  7.193383
 -0.432666 -2.939574  0.714299
 -2.680686 -2.689246  2.540656
 -2.772587 -2.256443  5.746626
 -0.825884 -3.552182  5.949712
 -2.706321 -2.054225  4.048984
 -1.021231 -3.235461  4.312128
 -0.627733  3.433159  7.345518
  2.904509  1.296181  7.278293
  2.902016 -0.879378  7.166982
 -1.790091 -2.717394  7.396494
  1.297052 -2.721359  7.023922
  1.149326  0.020260  7.476581
 -2.927819 -0.259771  7.121598
 -0.552608  0.977446  7.139752
  1.100588 -1.180640  5.741309
 -1.013044 -1.230899  5.825078
 -3.112183 -0.717144  2.463181
 -3.158792  0.612726  3.991107
 -1.485730  0.874340  5.426972
 -3.245954 -0.338563  5.422915
  0.985188  0.711447  5.372806
 -0.341364 -1.061321  7.593574
816
   1        121      224      138      125
   1        100      209       62       43
   1         71       88      238      109
   1        115      208      149      107
   1         82      102      215      212
   1         81      121      212      138
   1        208      149      107       85
   1         13      215      161       45
   1         13      215       45       64
   1         71       53      109      238
   1         33      179       55       32
   1         53       89      109      238
   1        179      188      237      178
   1        229      135      140      232
   1         80      101      218       63
   1         89      200      109      238
   1        222      113       92      118
   1         89      128      109      200
   1         78      206      203      202
   1        220      248      225      246
   1         88      236      238      205
   1        237       31      179      178
   1         13      215       64      160
   1        115      208      107       87
   1        234       93      227      220
   1        247      112      147      131
   1        168      161      160      215
   1        237       31      178       54
   1         97      196      228       39
   1        208      235      107       87
   1        225      248      220      214
   1         64       44      160      215
   1         78      206       61       99
   1        246      247      226      245
   1        226      247      246      243
   1        203      199      204      202
   1        205      208      248      204
   1        209      198      218      210
   1        205      236      238      242
   1        106      124       77      196
   1        176       26      175       70
   1        206        7      157      156
   1         53      177       72      238
   1        213      211      218      210
   1        200      150      233      145
   1         48       97      228       39
   1        200      128      150      145
   1        234      227      184      241
   1        181       56       75       35
   1         34       56      181       35
   1         92      227      222      240
   1         57       75      182      227
   1        101       44      218       63
   1        166      206      156      201
   1         67       48      164       19
   1        155      166      156      201
   1        137       80      211      210
   1        220       93      222      125
   1        152      219      208      214
   1        243      238      237      249
   1        213      198      193      197
   1        209      206      167      198
   1         72      231      238      237
   1         67      217      228      105
   1        243      248      241      246
   1        157      206      167      209
   1         77      196       39       59
   1        126       84      105      229
   1        155      166      201      165
   1        206      166      167      198
   1        166      206      167      157
   1        245      139      118      131
   1          5      155       41       60
   1        224      211      212      223
   1        178       29       72       30
   1        195      226      200      233
   1        211      224      225      223
   1         49      234      172      221
   1        226      225      245      223
   1        233      231      200      145
   1        226      194      225      223
   1        230      233      232      146
   1        211      137      210      214
   1        146      233      232      126
   1         55      230      237      240
   1        248      220      221      241
   1        237       31       54       73
   1        200      150      196      195
   1        206        7      156       61
   1        203      199      210      214
   1        190      188      249      189
   1        221      234      220       98
   1         15       46       65      162
   1         58      234      114       76
   1        221      172      173      185
   1         33       34       74      180
   1         56       34      181      180
   1        242      205      248      204
   1         18       67      164       19
   1        219      221      220       98
   1         91      247      230      240
   1         48       67      228      105
   1        121      224      212      138
   1        244      216      193      223
   1          9      158       10       43
   1        234       20      172      183
   1        200      143      127      204
   1        102       45      215       64
   1        244      216      223      103
   1        227      181      240       75
   1        228       48      153      164
   1         67      217      164      228
   1        134      203      207      204
   1        206       62       42       79
   1         78      134       94      202
   1        226      225      248      246
   1         48       67      164      228
   1        209      206       79       62
   1         29      177       53       28
   1        100      209       79       62
   1        179       33       55      180
   1        243      249      240      241
   1        115      117      207      134
   1        144      124      143      200
   1        147      244      232      245
   1        166      206      201      197
   1        143      196      202      204
   1        244      139      103      223
   1         54      231       72      237
   1        203      199      198      210
   1        190      249      241      189
   1         14       45       13      161
   1         57       37       76      182
   1        240       55       91       74
   1        189      227      240      241
   1        227      181       75      182
   1        219       95      221       98
   1        244      123      140       83
   1        139       82      103      223
   1        213      199      214      210
   1         23       69      174       24
   1         71      177       53      238
   1        206       78      201      202
   1         36      181       75       35
   1         80      211      218      101
   1        220      137      142      224
   1        146      233      126      129
   1        189      227      241      184
   1        194      226      244      223
   1        122      224      212      223
   1        211       81      212      218
   1        178      237       54       72
   1        190      189      241      184
   1        137      224      211      121
   1         82      122      212      223
   1        125      224      220      142
   1        150      200      233      195
   1        195      244      226      232
   1         86      219      152      132
   1        203      206      197      202
   1         48       97      105      228
   1        119      152      214      132
   1        192      243      242      248
   1        209      157      158      167
   1         64       12       13      160
   1          2       39        1      153
   1        206      166      198      197
   1        203      119      207      214
   1        215      168      218      160
   1        137      116      210      214
   1        206        7       61       42
   1         89      231      145      200
   1        231      110      145      129
   1        228      193      197      195
   1        222      247      245      131
   1         16       46       15      162
   1         38       58      183       20
   1        211      121       81      101
   1         14       15       65      162
   1        111       73      237       90
   1        222       92      131      118
   1         46      244      217       83
   1        244      104      229      217
   1        170      228      153      164
   1        135      104       84      229
   1        170      217      163      169
   1        216       82      223      103
   1        115      141      134      204
   1        133       94      202       96
   1        244      104      217       83
   1         86      219      208      152
   1        217       47      163       66
   1        224      211      121      212
   1        221       68       50      173
   1        247       92      222      240
   1         88      108      205      127
   1        221      172      185      184
   1        147      244      245      123
   1        216      217      162       46
   1        245      247      147      131
   1        226      244      195      194
   1        159      209      218       63
   1        209       80      218       63
   1         39       48        1      153
   1        106       40      196       59
   1        211       80      218      210
   1        209       62       43      158
   1         46      244       83      103
   1         44      215      218      160
   1        216      215      218      223
   1        209      157       62      158
   1        194      191      197      195
   1        122      139      245      223
   1        245      222      131      118
   1        228      165      196      197
   1        156      206       61       41
   1         14       45      161       65
   1        179       73       32       31
   1        211      213      218      223
   1         46      244      103      216
   1        234       58      183       76
   1        150      148      233      145
   1        178       72       54       30
   1        236      176      238      187
   1        216       82      103       65
   1        190      188      187      249
   1         55      230      240       91
   1         14      161      162       65
   1         48       39      228      153
   1         93      113      222      136
   1        240      246      222      247
   1        246      220      248      241
   1        115      205      208       87
   1         49      172       21       68
   1        243      231      238      200
   1         88       71      238       52
   1        217      170      163      164
   1        234       20      183       58
   1         78      206      201       41
   1         78      117      203       99
   1        134      133       94      202
   1         95      219       86      132
   1        108      141      205      127
   1        141      205      127      204
   1        164       47      217       67
   1         26      176       52       70
   1        115      141      205       87
   1        249      188      240      189
   1        148      126      195      233
   1        141      108      205       87
   1        234      183      227       76
   1         47       18      163       17
   1         57      227      182       76
   1         97      150      196       77
   1        178      249      188      237
   1        179      188      180      237
   1        124      200      196      143
   1        222      122      245      224
   1        164       47       67       18
   1         44      215       81      218
   1        164       47       18      163
   1        200      226      195      191
   1        152      207      208      149
   1        240      246      247      243
   1        221      235      208      248
   1        216       82      215      223
   1        222      247      246      245
   1        154        2      153       59
   1        245      226      232      247
   1        196      228      197      195
   1         93      113       57      227
   1        148      150      233      195
   1        217       67       84      105
   1        155        5        4       60
   1        206       42       61       99
   1        217       84      229      105
   1         69       51      107      235
   1        117       78      203      134
   1        236       88      238       52
   1        155       40        4      154
   1        220      227      234      241
   1        168      193      216      198
   1        219      220      214      151
   1        240      246      243      241
   1         64       12      160       44
   1         51       25      175       24
   1        176      177      238      187
   1        170      193      197      228
   1        177       27       71       28
   1         40        3        4      154
   1        201       60       96       94
   1        246      227      241      240
   1        219      221      208      248
   1        102      215      212       81
   1         51      235       87      107
   1        119      203      210      214
   1        236      235      208       87
   1         69      235      107       85
   1         44      159      218       63
   1        235      174      173       50
   1        236       51       87       70
   1        137       80      101      211
   1         13      215      160      161
   1         90       73      237       54
   1          3      154       59        2
   1        193      194      197      195
   1        227      181      182      189
   1        141      115      205      204
   1        106      124      196      143
   1         26       25      175       70
   1         42      206       79       99
   1        176      236      238       52
   1         46      244      216      217
   1        133      143      202      204
   1        123      245      147      131
   1        185      174      235      186
   1        235      174      175      186
   1         45      216      215      161
   1        168      216      161      215
   1        125      224      222      220
   1        234       20       58       49
   1        122      102      212      138
   1        159       11       44      160
   1        234       20       49      172
   1        215       82      212      223
   1        221      239      248      241
   1         67       47      217       84
   1        244      104       83      140
   1        231      146      230       90
   1        230      233      146      231
   1        239      190      185      186
   1         51      174      175      235
   1         69       51      174       24
   1          5      156        6       41
   1        198      216      218      223
   1        174       51      175       24
   1        206      166      156      157
   1        152      219      214      132
   1         40      155      201      154
   1        236      235      175      186
   1        152      119      214      207
   1        126      135       84      229
   1        176      236      175      186
   1        205      242      238      200
   1        185      239      186      235
   1         46      216       65      162
   1        206      209       79      210
   1        236      176      187      186
   1        132      116      151      214
   1        137      211      101      121
   1        216       45       82       65
   1        119      132      214      116
   1         51       69      174      235
   1        203      206       79      210
   1        247       92      240      112
   1         92      227      240       75
   1         99      203       79      120
   1        168      216      218      198
   1        157      206      209       62
   1        199      213      214      225
   1        198      216      223      193
   1        106      143      196       96
   1         62      157        8      158
   1          7      157        8       42
   1        163      217      162      169
   1         56       75       92      240
   1        247       92      112      131
   1        153       48        1      164
   1         48       19        1      164
   1        219      132      151      214
   1        219      220      151       98
   1        234       58      114       98
   1        205      236      248      208
   1        241      248      243      192
   1        222      122      224      136
   1        218      215      212      223
   1        134      133      202      204
   1        128       89      145      200
   1         55      179      180      237
   1        246      227      240      222
   1         92      227       75      113
   1        243      226      232      233
   1        198      166      171      197
   1        196       97       77       39
   1        209      206      198      210
   1        159      198      168      218
   1         60      155      201       40
   1        240       55       74      180
   1        247       92      131      222
   1        211      101       81      218
   1         95       49       68      221
   1        206      203      197      198
   1         44       64       81      215
   1        121      224      125      142
   1        220      151       98      142
   1        169      170      193      171
   1        152      119      207      120
   1        236      108      205       88
   1        137      224      121      142
   1        172       49       21       20
   1        234      221      220      241
   1        150       97      196      195
   1        206      203      198      210
   1        226      191      248      225
   1        209      100       79      210
   1        201       78       94      202
   1        128      144      109      200
   1        111      146      230      130
   1        143      133      127      204
   1         89      231      200      238
   1        234       93      220      114
   1        239      236      248      242
   1        243      192      242      249
   1        191      196      202      197
   1        211      213      214      210
   1        239      249      238      242
   1        192      239      242      249
   1        245      247      232      147
   1         93       57       76      227
   1        206       78      203       99
   1        126      229      195      232
   1         47      104      217       84
   1        191      226      248      242
   1         66      217       46      162
   1         54      231      237       90
   1         55      230       91      111
   1        144      124      200      128
   1        220      137      224      214
   1         54      231       90      110
   1         91      111      230      130
   1        217      216      169      193
   1        179       73       55       32
   1        245      226      244      232
   1        224      246      225      245
   1        192      239      248      242
   1        125      224      138      136
   1        163      217       66      162
   1         16       66       46      162
   1        122       82      139      223
   1        108      236       87       70
   1         51      236       87      235
   1        224      122      138      136
   1         16      163       66      162
   1        122      139      118      245
   1        148      126      105      195
   1        220       93      125      114
   1        242      243      238      200
   1        236      108       52       70
   1        203      117      207      120
   1        221      239      235      248
   1          9       62        8      158
   1         95      219      221       86
   1        174      185      235      173
   1        206      157       42       62
   1        244      123       83      103
   1         53       89      238       72
   1        244      104      140      229
   1        187      177      238      178
   1        188      189      180      240
   1        185      221      235      173
   1        241      185      221      239
   1        236      239      238      242
   1        159      209      158      167
   1        234       58       98       49
   1        220      137      214      151
   1        199      203      197      202
   1        157       62        8       42
   1         37      183       76      182
   1        183      234      227      184
   1         54      231      110       72
   1        246      227      222      220
   1        216       46       65      103
   1        196      154      165      153
   1        170      217      193      228
   1        189      227      184      182
   1        201      196      202       96
   1        227      181      189      240
   1          3       40       59      154
   1         78      203      134      202
   1        135      130      140      232
   1        199      203      207      214
   1         40      201      196      154
   1        200      124      150      128
   1        226      225      246      245
   1        144       88      200      127
   1         72      231      110       89
   1         88      205      200      127
   1        217      216      162      169
   1        217      193      228      195
   1        241      185      239      190
   1        146      135      232      130
   1        217      104       66       83
   1         97      105      228      195
   1        217      244      193      195
   1        244      194      193      195
   1        111       73       55      237
   1        126      148      129      233
   1        123      139      245      131
   1        237      231      230       90
   1        237      188      240      249
   1         55      230      111      237
   1        183       38       37       76
   1        240       56      112       92
   1        201      196      165      197
   1        164       47      163      217
   1         45      216      161       65
   1        228      165      197      170
   1        167      168      198      171
   1         95      221       68       86
   1         27      177       71      176
   1        247       91      230      147
   1        198      213      218      210
   1        221      220      248      219
   1        221       86      208      235
   1        249      189      240      241
   1        213      199      198      197
   1        217      170      164      228
   1         75       36       57      182
   1        104      217       84      229
   1        115      205      204      208
   1        213      194      225      191
   1         95      219      132      151
   1         39      196      228      153
   1        199      213      225      191
   1        225      224      214      220
   1        208      207      214      248
   1        178      249      237      238
   1        171      198      197      193
   1        201      155      165      154
   1         45      216       82      215
   1        191      200      196      195
   1         11      159       44       63
   1         11       12       44      160
   1        159      198      218      209
   1        181       36       75      182
   1        146      135      126      232
   1         86      152      208       85
   1        176      236       52       70
   1        236      176      175       70
   1        110      231       90      129
   1        239      236      238      187
   1        168      193      198      171
   1        231      233      129      145
   1        168      193      171      169
   1        106      196       77       59
   1        243      226      248      246
   1         71      177      238      176
   1        194      226      225      191
   1        199      225      214      248
   1        226      191      200      242
   1         91      130      230      147
   1        224      122      212      138
   1        191      199      248      225
   1        211      224      214      225
   1         80      209      218      210
   1        178      249      238      187
   1        146      111      230       90
   1        231      146       90      129
   1        221      235      173       50
   1         56      181       75      240
   1        236      205      248      242
   1        119      100      210       79
   1        224      137      211      214
   1         94      201      202       96
   1        114      220       98      142
   1        220       93      227      222
   1        219      208      214      248
   1        203      134      202      204
   1        180       56       74      240
   1         90      111      230      237
   1        159      198      209      167
   1        100       80      116      210
   1        100      119      210      116
   1        207      115      204      208
   1        159      198      167      168
   1        117      115      207      149
   1        113       75       57      227
   1         95      219      151       98
   1         92      227      113      222
   1        125      224      136      222
   1        234       93      114       76
   1         93      125      136      222
   1        230      233      231      243
   1        233      126      195      232
   1        144       88      109      200
   1        177       71       53       28
   1        247       91      112      240
   1         34       56       74      180
   1        133      141      127      204
   1        194      213      225      223
   1        102       45       82      215
   1        168      159      218      160
   1        178      237       72      238
   1        126      229      105      195
   1        150      148       97      195
   1        222      122      136      118
   1        224      246      245      222
   1        234       49       98      221
   1        222      122      118      245
   1        208      207      248      204
   1        180      188      240      237
   1         56      112       74      240
   1        226      243      248      242
   1        203      119       79      120
   1        165      170      171      197
   1         49       95       98      221
   1        196       40      154       59
   1        171      170      193      197
   1        206      201      197      202
   1        108      236      205       87
   1         27       71       52      176
   1        156        6       41       61
   1        133      143       96      202
   1        206        7       42      157
   1        155        5       41      156
   1        206      203       79       99
   1        113       93      222      227
   1        203      119      210       79
   1        199      213      198      210
   1        114      125      220      142
   1        166      165      171      197
   1        220      137      151      142
   1        115      134      207      204
   1        201       60       94       41
   1        147      244      123      140
   1         60      155       41      201
   1        199      191      248      204
   1         78      201       94       41
   1        106       40       96      196
   1        221      219      208       86
   1         68       22       50      173
   1        205      236      208       87
   1        205      127      204      200
   1        141      133      134      204
   1         80      137      116      210
   1        224      122      245      223
   1        117      207      120      149
   1        216      161      162      169
   1         55       33       74      180
   1        147      244      140      232
   1        216      168      161      169
   1        198      166      167      171
   1        244      194      223      193
   1         73      179       55      237
   1        244      139      223      245
   1         27      176       52       26
   1        239      236      186      235
   1         57       36       37      182
   1        200       88      109      238
   1        172       68      173       21
   1         23       22      173       50
   1        213      211      225      223
   1        217      170      193      169
   1        241      185      190      184
   1        211      218      212      223
   1        192      243      241      249
   1        183      227      182      184
   1        213      198      218      223
   1        226      245      244      223
   1        105      217      228      195
   1        224      246      222      220
   1        229      217      105      195
   1        224      246      220      225
   1        196      201      202      197
   1        191      199      197      202
   1        101       44       81      218
   1        194      226      191      195
   1        117      203      207      134
   1        143      196       96      202
   1        117      203       99      120
   1        196      154      153       59
   1        124      200      150      196
   1         69      174      235       50
   1        143      200      196      204
   1        207      199      248      204
   1        221       86      235       50
   1        191      242      248      204
   1        235       86       85       50
   1        102       81      212      138
   1        236       51      175      235
   1        166      201      165      197
   1        194      213      223      193
   1         86      221       68       50
   1        172      221      173       68
   1        136      113      222      118
   1        168      193      169      216
   1        122      102       82      212
   1        220      219      214      248
   1        211      121      212       81
   1         91      247      112      147
   1        191      196      197      195
   1        192      239      249      241
   1        239      190      249      241
   1        229      244      232      140
   1        147      247      232      230
   1        146      233      129      231
   1        225      224      245      223
   1        229      244      195      232
   1        147      130      232      140
   1         29      177       72       53
   1        124      150       77      196
   1        228      165      170      153
   1        161      216      162       65
   1        226      243      232      247
   1        226      233      195      232
   1        196       97      228      195
   1        181       56      180      240
   1         31      178       54       30
   1        130      147      232      230
   1        192      239      241      248
   1        116      137      151      214
   1        246      227      220      241
   1         97      148      105      195
   1        116      119      210      214
   1        249      243      238      242
   1        237      238      243      231
   1        216      168      218      215
   1         81      215      212      218
   1        104      135      140      229
   1        236       51       70      175
   1        230      233      243      232
   1        247      243      232      230
   1        174       23      173       50
   1        206       78       61       41
   1        201      206      156       41
   1         69       23      174       50
   1         68       22      173       21
   1         91      112      240       74
   1        247      243      230      240
   1        201      155       41      156
   1        221      234      184      241
   1        241      185      184      221
   1        217       66       46       83
   1        237       31       73      179
   1         38       58       76      183
   1        244      139      245      123
   1        159       44      218      160
   1        244      216      217      193
   1         64      102       81      215
   1        233      148      129      145
   1        181      240      180      189
   1        146      130      232      230
   1        126      135      229      232
   1        104       47      217       66
   1        163       16       66       17
   1        237      243      240      230
   1        213      211      214      225
   1        237      243      230      231
   1         47      163       66       17
   1        228      165      153      196
   1        234      114      220       98
   1        158      159       10       43
   1         11      159       63       10
   1        159       63       10       43
   1        217      229      244      195
   1         71      176      238       52
   1        243      231      200      233
   1        239      249      187      238
   1        236      239      186      187
   1        243      226      200      242
   1        108      236       52       88
   1         40       60       96      201
   1         40      201       96      196
   1        119      203      207      120
   1        234      172      221      184
   1        207      115      208      149
   1        156        7        6       61
   1        235      208      107       85
   1        199      203      204      207
   1        231       89      145      110
   1         72      231       89      238
   1        226      243      200      233
   1        177       29       72      178
   1        200      144      127      143
   1        234       93       76      227
   1        237      243      249      240
   1        244      139      123      103
   1        227      183      182       76
   1        236      235      248      208
   1         80      100      209      210
   1        213      198      223      193
   1        234      172      184      183
   1        235       86      208       85
   1        200      191      196      204
   1        236      239      248      235
   1        207      199      214      248
   1        100       80      209       43
   1        239      221      235      185
   1        172       49      221       68
   1         80      209       43       63
   1         69      235       85       50
   1        208      152      149       85
   1        209      159       43       63
   1        177      178       72      238
   1          9       62      158       43
   1        199      213      191      197
   1        159      209       43      158
   1        203      199      197      198
   1        196       59      153       39
   1         59        2      153       39
   1        194      213      193      197
   1        213      194      191      197
   1        155       60        4       40
   1        196      191      202      204
   1        196      201      165      154
   1        207      152      208      214
   1        205      242      200      204
   1        242      191      200      204
   1        207      152      120      149
   1        239      190      186      187
   1        240       55      180      237
   1        239      190      187      249
   1        178      249      187      188
   1        199      191      204      202
   1         51       25       70      175
   1         88      205      238      200
376
   1            1        2       39
   1            3        4       40
   1            5        6       41
   1            7        8       42
   1            9       10       43
   1           11       12       44
   1           13       14       45
   1           15       16       46
   1           17       18       47
   1           19        1       48
   1            1       39       48
   1           20       21       49
   1           22       23       50
   1           24       25       51
   1           26       27       52
   1           28       29       53
   1           30       31       54
   1           32       33       55
   1           34       35       56
   1           36       37       57
   1           38       20       58
   1           20       49       58
   1            2        3       59
   1            4        5       60
   1            6        7       61
   1            8        9       62
   1           10       11       63
   1           12       13       64
   1           14       15       65
   1           16       17       66
   1           18       19       67
   1           21       22       68
   1           23       24       69
   1           25       26       70
   1           27       28       71
   1           29       30       72
   1           31       32       73
   1           33       34       74
   1           35       36       75
   1           37       38       76
   1           59        3       40
   1            2       59       39
   1           40        4       60
   1           41        6       61
   1           42        8       62
   1           43       10       63
   1           44       12       64
   1           45       14       65
   1           46       16       66
   1           47       18       67
   1           50       23       69
   1           51       25       70
   1           52       27       71
   1           53       29       72
   1           54       31       73
   1           55       33       74
   1           56       35       75
   1           57       37       76
   1           60        5       41
   1           61        7       42
   1           62        9       43
   1           63       11       44
   1           64       13       45
   1           65       15       46
   1           66       17       47
   1           67       19       48
   1           68       22       50
   1           69       24       51
   1           70       26       52
   1           71       28       53
   1           72       30       54
   1           73       32       55
   1           74       34       56
   1           75       36       57
   1           76       38       58
   1           21       68       49
   1           39       59       77
   1           41       61       78
   1           42       62       79
   1           43       63       80
   1           44       64       81
   1           45       65       82
   1           46       66       83
   1           47       67       84
   1           50       69       85
   1           68       50       86
   1           50       85       86
   1           51       70       87
   1           52       71       88
   1           53       72       89
   1           54       73       90
   1           55       74       91
   1           56       75       92
   1           57       76       93
   1           60       41       94
   1           41       78       94
   1           49       68       95
   1           68       86       95
   1           40       60       96
   1           60       94       96
   1           48       39       97
   1           39       77       97
   1           58       49       98
   1           49       95       98
   1           61       42       99
   1           62       43      100
   1           63       44      101
   1           64       45      102
   1           65       46      103
   1           66       47      104
   1           67       48      105
   1           77       59      106
   1           59       40      106
   1           69       51      107
   1           70       52      108
   1           71       53      109
   1           72       54      110
   1           73       55      111
   1           74       56      112
   1           75       57      113
   1           48       97      105
   1           76       58      114
   1           69      107       85
   1          113       57       93
   1          112       56       92
   1          111       55       91
   1          110       54       90
   1          109       53       89
   1          108       52       88
   1          106       40       96
   1           76      114       93
   1          104       47       84
   1          103       46       83
   1          102       45       82
   1          101       44       81
   1           99       42       79
   1          100       43       80
   1           92       75      113
   1           91       74      112
   1           90       73      111
   1           89       72      110
   1           88       71      109
   1           84       67      105
   1           83       66      104
   1           82       65      103
   1           81       64      102
   1           80       63      101
   1           79       62      100
   1           78       61       99
   1          107       51       87
   1           70      108       87
   1          114       58       98
   1          107       87      115
   1          100       80      116
   1           78       99      117
   1           92      113      118
   1           79      100      119
   1          100      116      119
   1           99       79      120
   1          117       99      120
   1           79      119      120
   1          101       81      121
   1          102       82      122
   1          103       83      123
   1           77      106      124
   1           93      114      125
   1           84      105      126
   1          108       88      127
   1          109       89      128
   1          110       90      129
   1          111       91      130
   1          112       92      131
   1           92      118      131
   1           95       86      132
   1           96       94      133
   1           94       78      134
   1          133       94      134
   1           78      117      134
   1          104       84      135
   1           84      126      135
   1          113       93      136
   1          118      113      136
   1           93      125      136
   1           80      101      137
   1           81      102      138
   1           82      103      139
   1           83      104      140
   1           87      108      141
   1           80      137      116
   1          114       98      142
   1          121       81      138
   1          114      142      125
   1          106       96      143
   1          108      127      141
   1           88      109      144
   1           89      110      145
   1           90      111      146
   1           91      112      147
   1          105       97      148
   1          115       87      141
   1           85      107      149
   1           96      133      143
   1           97       77      150
   1           98       95      151
   1          151       95      132
   1          148       97      150
   1          147      112      131
   1          146      111      130
   1           88      144      127
   1          140      104      135
   1          139      103      123
   1          130       91      147
   1          129       90      146
   1          128       89      145
   1           86       85      152
   1          138      102      122
   1          126      105      148
   1          106      143      124
   1          123       83      140
   1          137      101      121
   1           82      139      122
   1           85      149      152
   1          142       98      151
   1          145      110      129
   1          144      109      128
   1           86      152      132
   1          149      107      115
   1          150       77      124
   1          139      123      131
   1          148      150      145
   1          122      139      118
   1          152      149      120
   1          125      142      121
   1          126      148      129
   1          130      147      140
   1          137      121      142
   1          139      131      118
   1          140      147      123
   1          116      137      151
   1          129      148      145
   1          121      138      125
   1          150      124      128
   1          147      131      123
   1          141      127      133
   1          132      152      119
   1          141      133      134
   1          144      128      124
   1          128      145      150
   1          127      144      143
   1          129      146      126
   1          146      130      135
   1          124      143      144
   1          149      115      117
   1          115      141      134
   1          117      115      134
   1          143      133      127
   1          149      117      120
   1          125      138      136
   1          151      132      116
   1          116      132      119
   1          135      126      146
   1          142      151      137
   1          138      122      136
   1          140      135      130
   1          122      118      136
   1          119      152      120
   2            2        1      153
   2            3        2      154
   2            2      153      154
   2            4        3      154
   2            5        4      155
   2            4      154      155
   2            6        5      156
   2            7        6      156
   2            5      155      156
   2            8        7      157
   2            7      156      157
   2            9        8      158
   2            8      157      158
   2           10        9      158
   2           11       10      159
   2           10      158      159
   2           12       11      160
   2           13       12      160
   2           11      159      160
   2           14       13      161
   2           13      160      161
   2           15       14      162
   2           14      161      162
   2           16       15      162
   2           17       16      163
   2           16      162      163
   2           18       17      163
   2           19       18      164
   2            1       19      164
   2           18      163      164
   2            1      164      153
   2          155      154      165
   2          156      155      166
   2          157      156      166
   2          155      165      166
   2          158      157      167
   2          159      158      167
   2          157      166      167
   2          160      159      168
   2          161      160      168
   2          159      167      168
   2          162      161      169
   2          163      162      169
   2          161      168      169
   2          164      163      170
   2          153      164      170
   2          163      169      170
   2          154      153      165
   2          153      170      165
   2          165      170      171
   2          166      165      171
   2          170      169      171
   2          167      166      171
   2          168      167      171
   2          169      168      171
   3           21       20      172
   3           22       21      173
   3           21      172      173
   3           23       22      173
   3           24       23      174
   3           23      173      174
   3           25       24      175
   3           26       25      175
   3           24      174      175
   3           27       26      176
   3           26      175      176
   3           28       27      177
   3           27      176      177
   3           29       28      177
   3           30       29      178
   3           29      177      178
   3           31       30      178
   3           32       31      179
   3           33       32      179
   3           31      178      179
   3           34       33      180
   3           33      179      180
   3           35       34      181
   3           36       35      181
   3           34      180      181
   3           37       36      182
   3           36      181      182
   3           38       37      183
   3           20       38      183
   3           37      182      183
   3           20      183      172
   3          172      183      184
   3          183      182      184
   3          174      173      185
   3          175      174      186
   3          176      175      186
   3          174      185      186
   3          177      176      187
   3          178      177      187
   3          176      186      187
   3          179      178      188
   3          180      179      188
   3          178      187      188
   3          181      180      189
   3          182      181      189
   3          180      188      189
   3          173      172      185
   3          185      172      184
   3          182      189      184
   3          185      184      190
   3          186      185      190
   3          184      189      190
   3          187      186      190
   3          188      187      190
   3          189      188      190
